% -------------------------------------------------------------------
%  Generated by MATLAB on 8-Dec-2018 19:03:09
%  MATLAB version: 9.3.0.713579 (R2017b)
% -------------------------------------------------------------------
                                        

TempK = [23.9172; 23.91358; 23.92344; 23.93309; 23.93205; 23.925; 23.91358; ...
         23.89692; 23.88675; 23.87272; 23.86023; 23.86308; 23.85735; 23.84721; ...
         23.84565; 23.84852; 23.83551; 23.83343; 23.84409; 23.86803; 23.92632; ...
         23.91615; 23.94506; 23.94142; 23.93438; 23.93646; 23.92813; 23.91615; ...
         23.925; 23.91772; 23.91174; 23.90706; 23.88546; 23.88546; 23.86204; ...
         23.84852; 23.83315; 23.80062; 23.78034; 23.76316; 23.75118; 23.74781; ...
         23.7439; 23.74233; 23.71997; 23.72049; 23.73504; 23.7642; 23.76576; ...
         23.74833; 23.76576; 23.79465; 23.81495; 23.79906; 23.82718; 23.8277; ...
         23.83732; 23.83551; 23.83551; 23.82014; 23.77695; 23.75664; 23.70903; ...
         23.68119; 23.68872; 23.65126; 23.65956; 23.67779; 23.7106; 23.7249; ...
         23.73296; 23.75327; 23.72255; 23.72932; 23.734; 23.74261; 23.75094; ...
         23.74858; 23.73844; 23.72775; 23.71893; 23.69237; 23.66453; 23.63147; ...
         23.59762; 23.56977; 23.55522; 23.53099; 23.53307; 23.53126; 23.52293; ...
         23.51355; 23.50549; 23.5047; 23.49039; 23.4831; 23.47112; 23.46904; ...
         23.45656; 23.45708; 23.47608; 23.50133; 23.48987; 23.48962; 23.48077; ...
         23.48727; 23.4706; 23.45473; 23.43833; 23.41986; 23.39669; 23.40215; ...
         23.3985; 23.367; 23.35242; 23.32223; 23.30581; 23.28681; 23.26287; ...
         23.25923; 23.25062; 23.26079; 23.26885; 23.26573; 23.25895; 23.26079; ...
         23.25871; 23.25871; 23.26521; 23.28473; 23.27639; 23.28733; 23.27275; ...
         23.27587; 23.26652; 23.20612; 23.2022; 23.19699; 23.19803; 23.18372; ...
         23.16784; 23.15742; 23.14465; 23.17121; 23.12199; 23.1207; 23.09361; ...
         23.10535; 23.09597; 23.09753; 23.10299; 23.12539; 23.10118; 23.08972; ...
         23.0629; 23.08111; 23.04727; 23.02462; 23.00405; 22.98112; 22.99752; ...
         23.00586; 23.00846; 23.01315; 23.02955; 23.02514; 23.06523; 23.12668; ...
         23.17511; 23.17409; 23.19907; 23.1983; 23.14829; 23.11185; 23.10326; ...
         23.00353; 22.9582; 22.92825; 22.89128; 22.85636; 22.82408; 22.80896; ...
         22.79934; 22.79256; 22.77512; 22.78631; 22.81626; 22.84778; 22.86185; ...
         22.88137; 22.89232; 22.89934; 22.90403; 22.90066; 22.88735; 22.87616; ...
         22.86678; 22.87616; 22.86053; 22.83423; 22.80428; 22.77876; 22.74985; ...
         22.72198; 22.69774; 22.68265; 22.66622; 22.65398; 22.64252; 22.6407; ...
         22.62976; 22.63549; 22.66778; 22.69357; 22.70895; 22.69878; 22.68967; ...
         22.70531; 22.71337; 22.71573; 22.70426; 22.70009; 22.71389; 22.73891; ...
         22.7665; 22.77224; 22.78892; 22.7983; 22.80768; 22.80403; 22.78867; ...
         22.77929; 22.76626; 22.75764; 22.76807; 22.76991; 22.80844; 22.8082; ...
         22.79958; 22.78815; 22.77929; 22.77824; 22.78293; 22.81522; 22.79542; ...
         22.82043; 22.86132; 22.88815; 22.92877; 22.92018; 22.94415; 22.95924; ...
         22.97931; 22.97539; 22.93113; 22.91758; 22.891; 22.8574; 22.82537; ...
         22.78162; 22.74881; 22.72484; 22.72171; 22.70086; 22.70347; 22.7027; ...
         22.68994; 22.66858; 22.65502; 22.64018; 22.62559; 22.59849; 22.57922; ...
         22.55865; 22.54743; 22.555; 22.55785; 22.54847; 22.55135; 22.55108; ...
         22.55396; 22.56671; 22.57349; 22.57922; 22.57166; 22.57193; 22.56801; ...
         22.56488; 22.57401; 22.56592; 22.55135; 22.5477; 22.56178; 22.57401; ...
         22.586; 22.59901; 22.60943; 22.617; 22.61648; 22.62117; 22.62559; ...
         22.62924; 22.62037; 22.6037; 22.59278; 22.57739; 22.56307; 22.54951; ...
         22.54145; 22.52191; 22.49664; 22.47475; 22.47031; 22.47527; 22.46874; ...
         22.43774; 22.42341; 22.41038; 22.40569; 22.41403; 22.41195; 22.40701; ...
         22.42446; 22.43905; 22.45626; 22.44973; 22.4474; 22.44218; 22.44712; ...
         22.44166; 22.43176; 22.42133; 22.41847; 22.40569; 22.42629; 22.4216; ...
         22.42004; 22.42108; 22.42369; 22.43099; 22.43046; 22.43307; 22.42994; ...
         22.43464; 22.44166; 22.44764; 22.45546; 22.46718; 22.47865; 22.47812; ...
         22.47475; 22.4776; 22.4565; 22.44035; 22.42237; 22.41847; 22.39007; ...
         22.36637; 22.34343; 22.33717; 22.32779; 22.32441; 22.31503; 22.32727; ...
         22.31892; 22.32337; 22.3257; 22.32285; 22.33092; 22.35281; 22.39345; ...
         22.41483; 22.43878; 22.44452; 22.44687; 22.45077; 22.45209; 22.43565; ...
         22.42734; 22.42108; 22.40179; 22.39502; 22.38667; 22.37312; 22.36011; ...
         22.36244; 22.36637; 22.36349; 22.36741; 22.37521; 22.35827; 22.33898; ...
         22.33092; 22.33484; 22.33769; 22.34368; 22.33248; 22.30123; 22.27488; ...
         22.25562; 22.2689; 22.28479; 22.29782; 22.30616; 22.29236; 22.30018; ...
         22.30095; 22.29132; 22.27436; 22.27724; 22.25691; 22.2358; 22.21522; ...
         22.21313; 22.20114; 22.18602; 22.18237; 22.20246; 22.21599; 22.23268; ...
         22.21001; 22.19749; 22.17274; 22.1631; 22.15267; 22.13025; 22.12688; ...
         22.12531; 22.11255; 22.10838; 22.09899; 22.09743; 22.09899; 22.0836; ...
         22.08752; 22.08777; 22.0943; 22.10369; 22.10863; 22.12323; 22.15267; ...
         22.1498; 22.17145; 22.17222; 22.18786];

